heating: time (hours), inside temperature ($^\circ$C)
12.87 12.3
13.05 13.3
13.28 14.3
13.63 15.7
13.95 16.1
14.62 18.8
15.12 19.7
15.40 20.1
17.00 21.4
17.38 21.2
17.80 21.5

cooling: time (hours), inside temperature ($^\circ$C)
14.88 23.20
14.89 23.10
15.67 21.50
16.74 20.08
17.17 19.58
17.70 18.87
18.37 18.56
18.69 18.26
19.19 17.94
19.57 17.75
20.59 17.33
22.45 16.61
23.14 16.61
24.25 16.20
25.00 16.30
35.00 14.77
35.82 14.67
36.20 14.67
37.35 14.46
38.12 14.35
39.82 14.04
40.67 13.93
42.37 13.71
45.64 13.39
47.34 13.30
48.57 13.21
50.67 12.94
51.67 12.75
55.34 12.55
68.84 11.95
73.85 11.61
